100
4950
99 98 0,92
99 96 0,24
99 95 0,30
99 94 0,13
99 92 0,34
99 91 0,13
99 90 0,50
99 89 0,88
99 85 0,10
99 84 0,21
99 83 0,26
99 74 0,33
99 73 0,23
99 71 0,48
99 67 0,09
99 63 0,29
99 61 0,37
99 60 0,07
99 59 0,13
99 58 0,85
99 57 0,87
99 54 0,99
99 53 0,69
99 50 0,89
99 49 0,45
99 48 0,49
99 46 0,50
99 43 0,52
99 40 0,09
99 39 0,56
99 38 0,94
99 36 0,97
99 35 0,74
99 34 0,33
99 33 0,17
99 32 0,52
99 31 0,92
99 29 0,12
99 19 0,28
99 16 0,43
99 15 0,02
99 14 0,25
99 12 0,92
99 11 0,05
99 10 0,63
99 9 0,23
99 8 0,68
99 4 0,62
99 2 0,97
99 1 0,91
98 95 0,25
98 93 0,30
98 90 0,92
98 88 0,57
98 86 0,19
98 84 0,46
98 82 0,14
98 80 0,19
98 79 0,03
98 77 0,77
98 75 0,92
98 72 0,79
98 71 0,17
98 69 0,89
98 68 0,65
98 67 0,49
98 66 0,44
98 65 0,29
98 64 0,64
98 60 0,08
98 58 0,38
98 57 0,54
98 55 0,51
98 54 0,37
98 53 0,85
98 51 0,92
98 50 0,66
98 48 0,38
98 47 0,04
98 43 0,98
98 39 0,02
98 38 0,42
98 37 0,01
98 36 0,39
98 32 0,11
98 31 0,14
98 30 0,99
98 28 0,21
98 27 0,79
98 25 0,61
98 22 0,39
98 20 0,09
98 15 0,57
98 14 0,55
98 9 0,71
98 8 0,04
98 7 0,92
98 6 0,82
98 4 0,49
98 3 0,97
97 99 0,61
97 98 0,29
97 95 0,22
97 94 0,41
97 93 0,92
97 92 0,13
97 89 0,38
97 88 0,48
97 84 0,83
97 83 0,11
97 79 0,05
97 76 0,28
97 75 0,73
97 74 0,22
97 71 0,02
97 67 0,39
97 65 0,18
97 64 0,45
97 63 0,33
97 60 0,01
97 57 0,91
97 56 0,87
97 54 0,46
97 50 0,36
97 46 0,13
97 39 0,89
97 38 0,45
97 37 0,30
97 36 0,02
97 35 0,04
97 34 0,59
97 32 0,36
97 31 0,18
97 29 0,12
97 28 0,91
97 22 0,98
97 19 0,76
97 18 0,45
97 14 0,18
97 12 0,30
97 11 0,08
97 10 0,30
97 9 0,02
97 8 0,54
97 5 0,73
97 4 0,00
97 1 0,22
97 0 0,30
96 98 0,80
96 97 0,83
96 95 0,42
96 91 0,48
96 88 0,68
96 86 0,92
96 85 0,15
96 83 0,79
96 82 0,85
96 81 0,01
96 80 0,55
96 79 0,47
96 76 0,99
96 75 0,80
96 74 0,66
96 73 0,49
96 70 0,01
96 67 0,32
96 66 0,64
96 63 0,81
96 62 0,32
96 58 0,20
96 56 0,59
96 53 0,02
96 52 0,59
96 43 0,15
96 42 0,90
96 41 0,01
96 39 0,92
96 38 0,17
96 36 0,56
96 34 0,64
96 31 0,77
96 29 0,83
96 27 0,43
96 25 0,30
96 24 0,70
96 23 0,43
96 22 0,73
96 21 0,04
96 19 0,65
96 18 0,67
96 17 0,32
96 15 0,26
96 13 0,87
96 11 0,75
96 8 0,70
96 6 0,91
96 5 0,04
96 4 0,99
96 3 0,30
95 92 0,68
95 90 0,24
95 88 0,10
95 87 0,11
95 85 0,46
95 82 0,86
95 80 0,40
95 78 0,12
95 76 0,12
95 71 0,07
95 69 0,48
95 68 0,73
95 67 0,32
95 66 0,53
95 63 0,91
95 62 0,85
95 61 0,47
95 59 0,74
95 56 0,88
95 55 0,75
95 54 0,97
95 52 0,41
95 48 0,62
95 45 0,65
95 43 0,18
95 41 0,90
95 39 0,97
95 35 0,73
95 34 0,70
95 32 0,46
95 30 0,04
95 28 0,12
95 27 0,42
95 26 0,73
95 25 1,00
95 24 0,77
95 22 0,69
95 21 0,91
95 20 0,26
95 18 0,40
95 17 0,18
95 15 0,67
95 12 0,53
95 8 0,41
95 7 0,04
95 3 0,06
95 2 0,50
95 1 0,66
95 0 0,19
94 98 0,95
94 96 0,70
94 95 0,86
94 91 0,31
94 90 0,44
94 88 0,67
94 87 0,82
94 86 0,31
94 84 0,12
94 81 0,21
94 78 0,20
94 77 0,81
94 76 0,57
94 74 0,41
94 72 0,06
94 69 0,63
94 68 0,64
94 67 0,42
94 65 0,94
94 64 0,40
94 59 0,32
94 58 0,19
94 54 0,21
94 52 0,34
94 50 0,49
94 48 0,40
94 46 0,52
94 43 0,52
94 42 0,58
94 41 0,57
94 39 0,68
94 36 0,76
94 31 0,84
94 30 0,97
94 26 0,88
94 24 0,85
94 23 0,52
94 20 0,60
94 16 0,58
94 14 0,74
94 13 0,98
94 12 0,72
94 10 0,43
94 9 0,47
94 8 0,62
94 5 0,94
94 4 0,29
94 2 0,46
94 1 0,78
94 0 0,29
93 99 0,50
93 96 0,25
93 95 0,60
93 94 0,89
93 90 0,76
93 89 0,64
93 85 0,76
93 81 0,37
93 80 0,17
93 78 0,98
93 76 0,32
93 75 0,87
93 74 0,56
93 73 0,38
93 70 0,82
93 65 0,35
93 61 0,99
93 59 0,79
93 58 0,36
93 51 0,45
93 50 0,61
93 48 0,49
93 44 0,06
93 42 0,84
93 40 0,66
93 39 0,95
93 38 0,14
93 35 0,58
93 30 0,56
93 27 0,52
93 26 0,77
93 25 0,72
93 22 0,58
93 21 0,41
93 20 0,83
93 19 0,60
93 18 0,39
93 15 0,03
93 13 0,70
93 12 0,51
93 11 0,42
93 10 0,28
93 9 0,49
93 8 0,53
93 7 0,10
93 6 0,73
93 5 0,31
93 3 0,92
93 2 0,11
92 98 0,13
92 96 0,16
92 94 0,04
92 93 0,22
92 91 0,29
92 90 0,88
92 89 0,34
92 87 0,77
92 85 0,05
92 84 0,54
92 83 0,44
92 82 0,47
92 81 0,65
92 80 0,71
92 78 0,44
92 77 0,98
92 72 0,14
92 71 0,11
92 69 0,44
92 68 0,68
92 67 0,99
92 63 0,59
92 59 0,50
92 56 0,35
92 55 0,58
92 54 0,77
92 53 0,37
92 52 0,02
92 51 0,93
92 50 0,73
92 49 0,61
92 48 0,63
92 47 0,43
92 46 0,49
92 44 0,51
92 43 0,92
92 41 0,05
92 37 0,81
92 36 0,75
92 33 0,95
92 30 0,93
92 25 0,94
92 24 0,10
92 20 0,49
92 15 0,02
92 13 0,51
92 9 0,11
92 7 0,54
92 4 0,14
92 1 0,78
92 0 0,23
91 98 0,96
91 97 0,94
91 95 0,28
91 93 0,38
91 88 0,15
91 86 0,88
91 84 0,50
91 83 0,82
91 80 0,66
91 79 0,55
91 76 0,60
91 71 0,46
91 69 0,91
91 68 0,78
91 67 0,25
91 66 0,36
91 63 0,45
91 61 0,07
91 57 0,99
91 55 0,61
91 50 0,19
91 47 0,85
91 43 0,04
91 40 0,82
91 37 0,39
91 36 0,43
91 35 0,24
91 33 0,29
91 32 0,73
91 31 0,52
91 29 0,51
91 28 0,02
91 27 0,11
91 25 0,68
91 24 0,56
91 23 0,59
91 22 0,03
91 19 0,41
91 17 0,51
91 16 0,97
91 14 0,60
91 12 0,65
91 9 0,71
91 4 0,04
91 3 0,85
91 2 0,37
91 1 0,16
91 0 0,89
90 97 0,95
90 96 0,65
90 91 0,71
90 89 0,37
90 87 0,54
90 84 0,17
90 83 0,05
90 82 0,01
90 81 0,27
90 79 0,21
90 78 0,07
90 77 0,13
90 76 0,23
90 73 0,24
90 72 0,95
90 68 0,75
90 65 0,55
90 64 0,31
90 63 0,52
90 62 0,99
90 61 0,52
90 60 0,33
90 58 0,38
90 57 0,98
90 56 0,74
90 55 0,13
90 49 0,63
90 47 0,71
90 45 0,23
90 44 0,24
90 38 0,28
90 37 0,33
90 34 0,82
90 33 0,23
90 31 0,53
90 29 0,15
90 28 0,75
90 27 0,12
90 26 0,56
90 25 0,61
90 19 0,88
90 15 0,48
90 11 0,95
90 10 0,59
90 9 0,40
90 5 0,80
90 4 0,38
90 3 0,90
90 1 0,44
90 0 0,68
89 98 0,15
89 96 0,52
89 95 0,91
89 94 0,66
89 91 0,02
89 86 0,96
89 85 0,61
89 82 0,24
89 80 0,72
89 79 0,35
89 78 0,40
89 72 0,61
89 70 0,54
89 68 0,74
89 65 0,60
89 64 0,42
89 61 0,20
89 59 0,99
89 58 0,53
89 54 0,54
89 52 0,71
89 51 0,89
89 50 0,15
89 48 0,96
89 46 0,82
89 42 0,24
89 41 0,84
89 39 0,78
89 38 0,75
89 37 0,20
89 30 0,28
89 29 0,85
89 28 0,82
89 26 0,04
89 24 0,79
89 23 0,59
89 21 0,75
89 20 0,63
89 18 0,83
89 16 0,07
89 13 0,65
89 12 0,70
89 11 0,88
89 10 0,71
89 9 0,92
89 8 0,06
89 6 0,09
89 1 0,74
88 99 0,64
88 93 0,99
88 92 0,99
88 90 0,52
88 89 0,57
88 87 0,21
88 85 0,58
88 84 0,11
88 82 0,13
88 79 0,28
88 77 0,89
88 74 0,97
88 72 0,97
88 71 0,22
88 67 0,74
88 66 0,89
88 63 0,54
88 62 0,05
88 61 0,00
88 60 0,20
88 56 0,63
88 55 0,28
88 53 0,16
88 52 1,00
88 50 0,04
88 47 0,52
88 46 0,06
88 44 0,08
88 43 0,05
88 42 0,79
88 41 0,00
88 40 0,05
88 39 0,32
88 38 0,17
88 36 0,98
88 34 0,88
88 33 0,67
88 32 0,28
88 28 0,71
88 27 0,38
88 21 0,48
88 19 0,66
88 16 0,52
88 15 0,88
88 14 0,17
88 13 0,83
88 10 0,47
88 9 0,41
88 7 0,29
88 2 0,05
87 99 0,15
87 98 0,48
87 97 0,21
87 96 0,26
87 93 0,31
87 91 0,29
87 89 0,60
87 84 0,21
87 83 0,46
87 82 0,41
87 81 0,07
87 72 0,58
87 68 0,58
87 67 0,83
87 65 0,17
87 62 0,37
87 60 0,19
87 59 0,30
87 57 0,66
87 55 0,80
87 54 0,83
87 53 0,85
87 51 0,35
87 48 0,49
87 47 0,83
87 46 0,57
87 45 1,00
87 44 0,17
87 42 0,05
87 40 0,10
87 39 0,61
87 38 0,17
87 37 0,36
87 36 0,42
87 31 0,80
87 30 0,70
87 25 0,11
87 24 0,61
87 22 0,04
87 21 0,58
87 20 0,54
87 16 0,60
87 14 0,33
87 12 0,70
87 10 0,67
87 9 0,37
87 3 0,86
87 0 0,02
86 99 0,82
86 97 0,31
86 95 0,92
86 93 0,54
86 92 0,28
86 88 0,13
86 87 0,97
86 85 0,31
86 84 0,11
86 82 0,63
86 79 0,73
86 76 0,31
86 75 0,13
86 74 0,88
86 72 0,00
86 65 0,13
86 62 0,63
86 61 0,31
86 60 0,95
86 59 0,62
86 57 0,27
86 53 0,34
86 50 0,46
86 49 0,55
86 47 0,23
86 46 0,19
86 42 0,18
86 39 0,61
86 37 0,13
86 33 0,66
86 32 0,90
86 31 0,42
86 28 0,02
86 27 0,09
86 26 0,87
86 25 0,39
86 23 0,90
86 22 0,07
86 20 0,63
86 18 0,58
86 17 0,75
86 15 0,79
86 7 0,25
86 5 0,54
86 3 0,76
86 2 0,87
86 0 0,30
85 98 0,98
85 97 0,94
85 94 0,75
85 91 0,08
85 90 0,74
85 87 0,21
85 82 0,66
85 81 0,42
85 79 0,78
85 77 0,84
85 72 0,89
85 68 0,91
85 66 0,69
85 65 0,38
85 64 0,93
85 62 0,51
85 61 0,65
85 58 0,93
85 56 0,77
85 55 0,26
85 54 0,68
85 51 0,24
85 49 0,97
85 48 0,64
85 47 0,35
85 46 0,64
85 45 0,67
85 44 0,88
85 41 0,97
85 40 0,71
85 38 0,73
85 37 0,44
85 36 0,94
85 34 0,64
85 33 0,45
85 32 0,50
85 31 0,41
85 30 0,03
85 28 0,02
85 24 0,00
85 22 0,71
85 17 0,52
85 16 0,82
85 12 0,65
85 11 0,39
85 9 0,65
85 7 0,65
85 5 0,97
85 2 0,53
85 0 0,96
84 96 0,30
84 95 0,27
84 93 0,20
84 89 0,23
84 85 0,58
84 83 0,20
84 80 0,62
84 79 0,47
84 78 0,42
84 77 0,38
84 76 0,45
84 75 0,86
84 73 0,25
84 71 0,16
84 65 0,30
84 64 0,23
84 61 0,19
84 59 0,78
84 58 0,24
84 57 0,93
84 56 0,09
84 55 0,62
84 53 0,00
84 52 0,84
84 51 0,48
84 50 0,35
84 49 0,75
84 48 0,84
84 46 0,03
84 39 0,43
84 37 0,07
84 35 0,46
84 33 0,26
84 31 0,74
84 30 0,78
84 29 0,04
84 28 0,16
84 26 0,12
84 25 0,33
84 24 0,92
84 23 0,29
84 18 0,08
84 17 0,41
84 14 0,85
84 13 0,63
84 11 0,86
84 7 0,56
84 5 0,35
84 2 0,05
83 98 0,38
83 95 0,51
83 94 0,21
83 93 0,59
83 89 0,54
83 88 0,78
83 86 0,98
83 85 0,97
83 82 0,56
83 80 0,96
83 77 0,12
83 76 0,57
83 75 0,52
83 71 0,52
83 70 0,86
83 68 0,06
83 61 0,75
83 59 0,29
83 57 0,77
83 53 0,87
83 50 0,98
83 47 0,29
83 42 0,45
83 40 0,21
83 39 0,04
83 38 0,04
83 31 0,03
83 29 0,37
83 28 0,05
83 26 0,42
83 25 0,62
83 24 0,93
83 22 0,16
83 20 0,44
83 18 0,42
83 17 0,12
83 16 0,79
83 15 0,46
83 14 0,37
83 13 0,56
83 12 0,36
83 10 0,15
83 8 0,37
83 7 0,70
83 6 0,09
83 4 0,34
83 3 0,59
83 2 0,18
83 0 0,05
82 99 0,83
82 97 0,45
82 94 0,53
82 93 0,99
82 91 0,23
82 84 0,54
82 81 0,62
82 80 0,86
82 78 0,95
82 77 0,15
82 70 0,56
82 69 0,34
82 67 0,54
82 66 0,35
82 63 0,32
82 61 0,18
82 60 0,34
82 58 0,78
82 56 0,35
82 51 0,40
82 50 0,25
82 49 0,68
82 48 0,12
82 47 0,44
82 46 0,27
82 42 0,78
82 35 0,39
82 34 0,23
82 31 0,77
82 30 0,48
82 29 0,73
82 25 0,60
82 23 0,77
82 20 0,04
82 19 0,49
82 17 0,76
82 16 0,95
82 12 0,45
82 11 0,05
82 8 0,24
82 7 0,66
82 6 0,98
82 5 0,40
82 4 0,78
82 3 0,18
82 2 0,29
82 1 0,23
82 0 0,54
81 99 0,29
81 98 0,08
81 97 0,95
81 95 0,39
81 91 0,30
81 89 0,59
81 88 0,80
81 86 0,02
81 84 0,45
81 83 0,72
81 76 0,85
81 75 0,72
81 73 0,69
81 70 0,71
81 65 0,34
81 64 0,39
81 61 0,40
81 59 0,51
81 56 0,02
81 54 0,42
81 52 0,36
81 51 0,75
81 49 0,53
81 48 0,43
81 47 0,99
81 46 0,94
81 45 0,05
81 44 0,51
81 42 0,88
81 41 0,02
81 40 0,89
81 39 0,22
81 37 0,04
81 36 0,65
81 33 0,74
81 26 0,72
81 25 0,98
81 21 0,23
81 19 0,18
81 16 0,39
81 13 0,87
81 12 0,23
81 10 0,87
81 8 0,01
81 6 0,71
81 3 0,66
81 2 0,89
81 1 0,31
80 99 0,55
80 97 0,22
80 94 0,52
80 90 0,29
80 88 0,56
80 87 0,03
80 86 0,05
80 85 0,05
80 81 0,94
80 77 0,04
80 74 0,97
80 73 0,14
80 72 0,79
80 71 0,38
80 69 0,08
80 68 0,38
80 66 0,21
80 65 0,65
80 64 0,08
80 62 0,63
80 58 0,89
80 54 0,31
80 52 0,13
80 48 0,28
80 47 0,34
80 46 0,40
80 45 0,88
80 44 0,99
80 42 0,95
80 41 0,15
80 40 0,97
80 39 0,16
80 38 0,83
80 37 0,35
80 31 0,29
80 29 0,12
80 28 0,84
80 27 0,22
80 26 0,66
80 22 0,56
80 21 0,81
80 20 0,59
80 18 0,74
80 17 0,85
80 16 0,27
80 13 0,02
80 12 0,85
80 7 0,36
80 4 0,76
80 3 0,75
79 99 0,79
79 95 0,63
79 94 0,48
79 93 0,67
79 92 0,38
79 87 0,07
79 83 0,02
79 82 0,79
79 81 0,98
79 80 0,45
79 78 0,79
79 77 0,30
79 76 0,21
79 75 0,18
79 74 0,13
79 73 0,55
79 71 0,72
79 68 0,06
79 67 0,29
79 64 0,21
79 63 0,66
79 57 0,05
79 51 0,78
79 50 0,26
79 47 0,23
79 44 0,23
79 43 0,54
79 41 0,34
79 40 0,80
79 39 0,71
79 36 0,83
79 35 0,18
79 32 0,72
79 31 0,37
79 30 0,66
79 29 0,52
79 28 0,83
79 26 0,86
79 23 0,16
79 21 0,04
79 15 0,59
79 13 0,58
79 12 0,37
79 9 0,49
79 5 0,66
79 4 0,68
79 2 0,15
79 1 0,10
79 0 0,36
78 99 0,13
78 98 0,80
78 97 0,28
78 96 0,68
78 91 0,22
78 88 0,48
78 87 0,81
78 86 0,44
78 85 0,45
78 83 0,56
78 81 0,09
78 80 0,28
78 76 0,12
78 75 0,15
78 74 0,83
78 73 0,45
78 71 0,61
78 70 0,87
78 66 0,43
78 63 0,31
78 62 0,28
78 61 0,03
78 60 0,93
78 58 0,91
78 54 0,59
78 53 0,85
78 48 1,00
78 46 0,44
78 40 0,02
78 37 0,01
78 36 0,79
78 35 0,63
78 34 0,09
78 32 0,34
78 31 0,93
78 29 0,64
78 28 0,68
78 26 0,73
78 24 0,76
78 23 1,00
78 20 0,21
78 19 1,00
78 18 0,84
78 16 0,60
78 14 0,52
78 10 0,76
78 7 0,03
78 6 0,06
78 3 0,82
78 0 0,94
77 99 0,85
77 97 0,76
77 96 0,80
77 95 0,76
77 93 0,37
77 91 0,06
77 89 1,00
77 87 0,08
77 86 0,69
77 81 0,73
77 78 0,89
77 75 0,69
77 67 0,97
77 64 0,54
77 62 0,14
77 59 0,95
77 57 0,18
77 56 0,24
77 55 0,04
77 54 0,15
77 53 0,21
77 50 0,65
77 48 0,01
77 47 0,08
77 46 0,30
77 45 0,02
77 42 0,74
77 41 0,48
77 39 0,40
77 37 0,70
77 36 0,35
77 34 1,00
77 30 0,24
77 29 0,71
77 28 0,72
77 26 0,90
77 25 0,31
77 23 0,93
77 22 0,05
77 21 0,45
77 20 0,90
77 18 0,82
77 17 0,65
77 13 1,00
77 9 0,08
77 8 0,32
77 7 0,92
77 5 0,60
77 3 0,36
77 2 0,83
76 99 0,38
76 98 0,58
76 92 0,70
76 89 0,73
76 88 0,51
76 87 0,32
76 85 0,97
76 82 0,76
76 80 0,15
76 77 0,74
76 75 0,05
76 72 0,75
76 71 0,96
76 70 0,93
76 69 0,31
76 67 0,29
76 61 0,36
76 59 0,66
76 57 0,53
76 53 0,28
76 51 0,38
76 49 0,68
76 47 0,41
76 44 0,50
76 43 0,75
76 40 0,46
76 39 0,32
76 35 0,43
76 34 0,03
76 33 0,15
76 31 0,01
76 30 0,65
76 29 0,64
76 27 0,54
76 26 0,42
76 25 0,69
76 24 0,26
76 23 0,18
76 18 0,68
76 17 0,22
76 15 0,73
76 14 0,60
76 13 0,10
76 12 0,78
76 11 0,40
76 10 0,07
76 8 0,48
76 7 0,86
76 6 0,08
76 2 0,03
76 1 0,14
75 99 0,58
75 95 0,06
75 94 0,37
75 92 0,82
75 91 0,67
75 90 0,14
75 89 0,24
75 88 0,79
75 87 0,28
75 85 0,26
75 82 0,89
75 80 0,14
75 73 0,50
75 71 0,23
75 68 0,42
75 66 0,88
75 64 0,96
75 59 0,39
75 58 0,58
75 57 0,51
75 56 0,61
75 54 0,55
75 52 0,09
75 51 0,03
75 50 0,06
75 45 0,85
75 43 0,99
75 41 0,74
75 40 0,45
75 39 0,08
75 37 0,68
75 34 0,52
75 31 0,01
75 28 0,34
75 27 0,77
75 25 0,68
75 24 0,98
75 23 0,42
75 22 0,93
75 20 0,05
75 17 0,54
75 16 0,03
75 15 0,39
75 13 0,93
75 11 0,72
75 8 0,26
75 5 0,90
75 4 0,84
75 1 0,56
75 0 0,04
74 98 0,41
74 95 0,25
74 92 0,17
74 91 0,68
74 90 0,26
74 89 0,02
74 87 0,25
74 85 0,72
74 84 0,45
74 83 0,39
74 82 0,48
74 81 0,64
74 77 0,28
74 76 0,44
74 75 0,93
74 68 0,73
74 66 0,44
74 65 0,45
74 64 1,00
74 61 0,22
74 59 0,42
74 57 1,00
74 56 0,94
74 55 0,44
74 52 0,92
74 51 0,73
74 49 0,42
74 46 0,10
74 45 0,21
74 43 0,39
74 42 0,05
74 41 0,55
74 40 0,70
74 38 0,04
74 36 0,62
74 35 0,61
74 33 0,85
74 32 0,51
74 31 0,68
74 30 0,26
74 29 0,65
74 23 0,30
74 20 0,12
74 17 0,31
74 16 0,41
74 15 0,64
74 11 0,53
74 9 0,69
74 5 0,40
74 0 0,69
73 98 0,06
73 97 0,21
73 95 0,13
73 94 0,23
73 92 0,55
73 91 0,15
73 89 0,52
73 88 0,95
73 86 0,18
73 85 0,43
73 83 0,12
73 82 0,32
73 77 0,70
73 76 0,72
73 74 0,51
73 68 0,99
73 66 0,47
73 65 0,61
73 60 0,34
73 59 0,21
73 56 0,19
73 55 0,17
73 54 0,38
73 51 0,79
73 50 0,83
73 46 0,90
73 44 0,29
73 42 0,54
73 41 0,50
73 39 0,36
73 35 0,97
73 34 0,12
73 33 0,16
73 31 0,69
73 29 0,56
73 26 0,52
73 21 0,29
73 20 0,53
73 16 0,98
73 14 0,61
73 11 0,41
73 10 0,59
73 8 0,47
73 6 0,36
73 5 0,53
73 4 0,40
73 1 0,21
73 0 0,89
72 99 0,22
72 97 0,53
72 96 0,65
72 95 0,32
72 93 0,30
72 91 0,33
72 84 0,65
72 83 0,70
72 82 0,01
72 81 0,04
72 79 0,16
72 78 0,25
72 77 0,10
72 75 0,33
72 74 0,92
72 73 0,03
72 70 0,77
72 69 0,19
72 65 0,26
72 64 0,16
72 60 0,46
72 58 0,68
72 51 0,84
72 48 0,11
72 44 0,72
72 41 0,82
72 40 0,72
72 39 0,28
72 38 0,99
72 33 0,18
72 32 0,84
72 31 0,48
72 30 0,42
72 29 0,77
72 27 0,98
72 25 0,45
72 24 0,92
72 23 0,39
72 21 0,79
72 19 0,80
72 15 0,08
72 12 0,64
72 11 0,74
72 8 0,87
72 7 0,14
72 6 0,90
72 4 0,04
72 3 0,21
72 1 0,41
71 96 0,16
71 94 0,19
71 93 0,65
71 90 0,26
71 89 0,33
71 87 0,45
71 86 0,82
71 85 0,65
71 82 0,58
71 81 0,42
71 77 0,99
71 74 0,92
71 73 0,97
71 72 0,90
71 70 0,16
71 69 0,15
71 66 0,95
71 64 0,68
71 63 0,71
71 61 0,05
71 59 0,47
71 53 0,53
71 50 0,96
71 48 0,99
71 43 0,21
71 42 0,07
71 41 0,43
71 40 0,24
71 38 0,52
71 35 0,62
71 33 0,85
71 28 0,05
71 27 0,77
71 26 0,56
71 23 0,64
71 22 0,06
71 21 0,34
71 18 0,59
71 13 0,71
71 12 0,16
71 11 0,78
71 10 0,65
71 9 0,87
71 8 0,14
71 7 0,30
71 6 0,19
71 2 0,47
71 1 0,66
71 0 0,46
70 99 0,34
70 98 0,66
70 97 0,92
70 95 0,19
70 94 0,03
70 92 0,31
70 91 0,48
70 90 0,34
70 88 0,10
70 87 0,18
70 86 0,59
70 85 0,00
70 84 0,65
70 80 0,79
70 79 0,09
70 77 0,44
70 75 0,33
70 74 0,93
70 73 0,09
70 69 0,32
70 68 0,78
70 67 0,56
70 63 0,54
70 62 0,74
70 59 0,10
70 58 0,50
70 52 0,05
70 50 0,43
70 48 0,40
70 47 0,70
70 45 0,54
70 42 0,58
70 38 0,22
70 37 0,56
70 36 0,88
70 32 0,97
70 31 0,87
70 27 0,19
70 25 0,17
70 22 0,33
70 15 0,15
70 12 0,50
70 11 0,01
70 8 0,42
70 7 0,64
70 5 0,31
70 4 0,40
70 3 0,33
70 1 0,22
69 99 0,48
69 97 0,56
69 96 0,83
69 93 0,69
69 90 0,11
69 89 0,60
69 88 0,10
69 87 0,26
69 86 0,18
69 85 0,84
69 84 0,76
69 83 0,10
69 81 0,44
69 79 0,79
69 78 0,02
69 77 0,72
69 75 0,83
69 74 0,72
69 73 0,60
69 65 0,66
69 64 0,76
69 63 0,07
69 57 0,71
69 54 0,72
69 53 0,60
69 52 0,98
69 51 0,47
69 49 0,39
69 48 0,16
69 47 0,68
69 43 0,19
69 40 0,02
69 39 0,38
69 36 0,76
69 35 0,38
69 33 0,58
69 27 0,38
69 25 0,67
69 23 0,94
69 22 0,77
69 20 0,80
69 18 0,82
69 15 0,93
69 13 0,03
69 9 0,03
69 6 0,29
69 5 0,06
69 3 0,22
69 2 0,94
69 0 0,49
68 99 0,58
68 97 0,20
68 96 0,22
68 93 0,51
68 88 0,29
68 86 0,01
68 84 0,21
68 82 0,97
68 81 0,09
68 78 0,16
68 77 0,11
68 76 0,39
68 72 0,12
68 71 0,43
68 69 0,01
68 67 0,89
68 66 0,87
68 60 0,03
68 58 0,66
68 55 0,84
68 53 0,41
68 52 0,13
68 50 0,82
68 45 0,27
68 44 0,45
68 43 0,97
68 41 0,70
68 38 0,54
68 34 0,26
68 33 0,24
68 31 0,93
68 26 0,76
68 24 0,89
68 23 0,34
68 22 0,51
68 21 1,00
68 20 0,97
68 19 0,46
68 18 0,84
68 17 0,67
68 14 0,44
68 13 0,07
68 12 0,26
68 9 0,21
68 7 0,56
68 6 0,46
68 3 0,64
68 2 0,56
67 93 0,03
67 90 0,59
67 89 0,57
67 86 0,08
67 85 0,92
67 84 0,49
67 83 0,73
67 81 0,06
67 80 0,02
67 78 0,29
67 75 0,83
67 74 0,83
67 73 0,80
67 72 0,90
67 71 0,76
67 69 0,90
67 66 1,00
67 65 0,78
67 62 0,52
67 58 0,26
67 57 0,12
67 56 0,05
67 51 0,98
67 50 0,70
67 48 0,62
67 45 0,52
67 43 0,82
67 41 0,92
67 40 0,65
67 38 0,39
67 36 0,58
67 33 0,44
67 32 0,16
67 30 0,31
67 28 0,41
67 27 0,02
67 26 0,80
67 21 0,38
67 16 0,68
67 15 0,62
67 13 0,35
67 9 0,21
67 8 0,10
67 7 0,96
67 6 0,63
67 5 0,54
67 2 0,20
67 1 0,69
67 0 0,37
66 99 0,41
66 97 0,78
66 94 0,85
66 93 0,47
66 92 0,79
66 90 0,15
66 89 0,49
66 87 0,38
66 86 0,06
66 84 0,28
66 83 0,04
66 81 0,06
66 79 0,26
66 77 0,81
66 76 0,42
66 72 0,45
66 70 0,26
66 69 0,66
66 61 0,41
66 60 0,47
66 58 0,69
66 57 0,95
66 55 0,28
66 51 0,10
66 47 0,51
66 45 0,81
66 42 0,35
66 41 0,84
66 40 0,69
66 38 0,84
66 37 0,91
66 36 0,17
66 35 0,43
66 31 0,48
66 29 0,42
66 28 0,30
66 27 0,48
66 26 0,05
66 25 0,16
66 22 0,17
66 21 0,57
66 20 0,07
66 19 0,50
66 18 0,24
66 13 0,57
66 11 0,49
66 8 0,57
66 2 0,55
66 0 0,80
65 99 0,17
65 96 0,09
65 95 0,96
65 92 0,98
65 91 0,32
65 88 0,59
65 83 0,55
65 82 0,86
65 79 0,00
65 78 0,73
65 77 0,15
65 76 1,00
65 75 0,72
65 71 0,88
65 70 0,64
65 68 0,44
65 66 0,24
65 64 0,33
65 63 0,16
65 61 0,06
65 58 0,36
65 53 0,37
65 52 0,66
65 49 0,01
65 48 0,69
65 47 0,90
65 45 0,06
65 39 0,83
65 38 0,81
65 37 1,00
65 33 0,07
65 32 0,12
65 31 0,68
65 30 0,84
65 29 0,29
65 26 0,67
65 22 0,50
65 21 0,51
65 19 0,96
65 17 0,26
65 16 0,69
65 13 0,67
65 9 0,84
65 8 0,05
65 6 0,36
65 5 0,41
65 4 0,22
65 3 0,02
65 1 0,96
65 0 0,08
64 99 0,67
64 96 0,93
64 95 0,39
64 93 0,49
64 92 0,45
64 91 0,78
64 88 0,74
64 87 0,57
64 86 0,62
64 83 0,32
64 82 0,19
64 78 0,83
64 76 0,26
64 73 0,53
64 70 0,47
64 68 0,93
64 67 0,52
64 66 0,83
64 62 0,69
64 60 0,36
64 59 0,15
64 57 0,77
64 56 0,03
64 55 0,10
64 54 0,59
64 53 0,26
64 50 0,12
64 45 0,37
64 44 0,87
64 38 0,54
64 37 0,90
64 31 0,66
64 30 0,68
64 28 0,81
64 23 0,64
64 22 0,23
64 19 0,99
64 18 0,76
64 17 0,26
64 14 0,40
64 12 0,78
64 11 0,50
64 10 0,42
64 9 0,38
64 7 0,08
64 4 0,19
64 2 0,39
64 0 0,54
63 98 0,02
63 94 0,30
63 93 0,72
63 89 0,57
63 87 0,11
63 86 0,96
63 85 0,80
63 84 0,67
63 83 0,13
63 81 0,24
63 80 0,82
63 77 0,27
63 76 0,32
63 75 0,14
63 74 0,06
63 73 0,55
63 72 0,88
63 68 0,51
63 67 0,87
63 66 0,60
63 64 0,03
63 57 0,97
63 56 0,77
63 51 0,03
63 49 0,93
63 48 0,73
63 46 0,25
63 43 0,76
63 42 0,14
63 41 0,20
63 38 0,68
63 33 0,71
63 32 0,15
63 29 0,53
63 23 0,88
63 21 0,55
63 20 0,29
63 19 0,48
63 18 0,63
63 17 0,67
63 16 0,82
63 15 0,33
63 14 0,37
63 12 0,45
63 11 0,60
63 10 0,47
63 6 0,11
63 5 0,25
63 4 0,56
63 3 0,38
62 99 0,94
62 98 0,90
62 97 0,09
62 94 0,14
62 93 0,21
62 92 0,96
62 91 0,95
62 89 0,06
62 84 0,85
62 83 0,78
62 82 0,63
62 81 0,12
62 79 0,74
62 76 0,09
62 75 0,60
62 74 0,99
62 73 0,12
62 72 0,63
62 71 0,77
62 69 0,05
62 68 0,08
62 66 0,09
62 65 0,30
62 63 0,19
62 60 0,08
62 59 0,82
62 58 0,14
62 57 0,03
62 56 0,40
62 54 0,51
62 52 0,08
62 51 0,69
62 47 0,62
62 46 0,70
62 44 0,09
62 41 0,83
62 35 0,07
62 34 0,75
62 31 0,11
62 30 0,65
62 25 0,41
62 21 0,07
62 19 0,32
62 18 0,73
62 15 0,91
62 13 0,69
62 12 0,92
62 10 0,79
62 9 0,76
62 2 0,98
61 98 0,03
61 97 0,30
61 96 0,40
61 94 0,76
61 92 0,38
61 87 0,62
61 80 0,86
61 79 0,99
61 77 0,46
61 75 0,53
61 73 0,29
61 72 0,63
61 70 0,46
61 69 0,78
61 68 0,80
61 67 0,74
61 64 0,36
61 63 0,96
61 62 0,21
61 60 0,58
61 59 0,60
61 55 0,78
61 53 0,37
61 52 0,55
61 50 0,09
61 47 0,78
61 46 0,32
61 45 0,07
61 44 0,55
61 39 0,98
61 36 0,43
61 35 0,40
61 32 0,67
61 30 0,13
61 28 0,39
61 26 0,33
61 25 0,96
61 24 0,42
61 23 0,33
61 21 0,60
61 17 0,82
61 16 0,16
61 14 0,48
61 9 0,78
61 8 0,70
61 5 0,38
61 2 0,35
61 1 0,19
61 0 0,96
60 96 0,73
60 95 0,60
60 94 0,95
60 93 0,91
60 92 0,40
60 91 0,93
60 89 0,88
60 85 0,35
60 84 0,86
60 83 0,91
60 81 0,55
60 80 0,08
60 79 0,31
60 77 0,65
60 76 0,72
60 75 0,34
60 74 0,32
60 71 0,32
60 70 0,31
60 69 0,92
60 67 0,89
60 65 0,07
60 63 0,71
60 59 0,30
60 58 0,57
60 57 0,02
60 55 0,20
60 53 0,46
60 52 0,68
60 51 0,26
60 48 0,67
60 46 0,71
60 42 0,59
60 41 0,79
60 36 0,96
60 33 0,25
60 32 0,15
60 31 0,96
60 30 0,21
60 29 0,87
60 28 0,83
60 27 0,62
60 23 0,20
60 22 0,69
60 21 0,12
60 17 0,85
60 16 0,03
60 7 0,95
60 6 0,15
60 1 0,73
59 98 0,74
59 97 0,47
59 96 0,78
59 91 0,59
59 90 0,05
59 88 0,99
59 85 0,65
59 82 0,49
59 80 0,15
59 79 0,10
59 78 0,66
59 72 0,47
59 69 0,72
59 68 0,42
59 67 0,38
59 66 0,99
59 65 0,26
59 63 0,10
59 58 0,09
59 57 0,37
59 55 0,33
59 54 0,99
59 53 0,75
59 52 0,23
59 50 0,39
59 48 0,92
59 47 0,84
59 44 0,92
59 40 0,04
59 36 0,85
59 34 0,35
59 33 0,55
59 31 0,27
59 30 0,58
59 28 0,89
59 27 0,87
59 26 0,36
59 24 0,52
59 23 0,87
59 21 0,26
59 20 0,81
59 19 0,12
59 17 0,33
59 15 0,86
59 14 0,77
59 11 0,09
59 8 0,41
59 6 0,79
59 3 0,70
59 2 0,44
58 97 0,71
58 95 0,28
58 92 0,32
58 91 0,60
58 88 0,16
58 87 0,39
58 86 0,82
58 83 0,93
58 81 0,93
58 79 0,43
58 77 0,83
58 76 0,08
58 74 0,40
58 73 0,64
58 71 0,71
58 69 0,03
58 64 0,89
58 63 0,72
58 61 0,61
58 57 0,10
58 56 0,12
58 55 0,68
58 50 0,72
58 49 0,65
58 47 0,29
58 46 0,43
58 45 0,05
58 44 0,18
58 39 0,57
58 38 0,72
58 37 0,81
58 35 0,35
58 33 0,01
58 32 0,14
58 31 0,36
58 30 0,04
58 28 0,72
58 27 0,33
58 25 0,57
58 24 0,16
58 18 0,20
58 14 0,07
58 12 0,29
58 11 0,08
58 10 0,72
58 6 0,62
58 5 0,87
58 4 0,91
58 1 0,61
58 0 0,33
57 96 0,05
57 95 0,52
57 94 0,33
57 93 0,16
57 92 0,29
57 89 0,31
57 88 0,67
57 85 0,32
57 82 0,80
57 81 0,03
57 80 0,66
57 78 0,04
57 73 0,24
57 72 0,79
57 71 0,72
57 70 0,16
57 68 0,57
57 65 0,74
57 61 0,02
57 51 0,05
57 50 0,14
57 49 0,81
57 46 0,08
57 42 0,54
57 41 0,67
57 40 0,04
57 39 0,35
57 38 0,52
57 36 0,23
57 33 0,80
57 32 0,64
57 30 0,96
57 28 0,64
57 27 0,54
57 24 0,92
57 23 0,60
57 22 0,90
57 18 0,21
57 17 0,91
57 16 0,53
57 14 0,11
57 13 0,05
57 11 0,66
57 10 0,70
57 8 0,54
57 7 0,29
57 6 0,88
57 1 0,24
57 0 0,69
56 99 0,68
56 98 0,51
56 94 0,50
56 93 0,36
56 91 0,43
56 89 0,61
56 87 0,08
56 86 0,94
56 83 0,42
56 80 0,83
56 79 0,89
56 78 0,18
56 76 0,53
56 72 0,35
56 71 0,30
56 70 0,52
56 69 0,66
56 68 0,77
56 66 0,93
56 65 0,93
56 61 0,07
56 60 0,59
56 59 0,43
56 57 0,64
56 55 0,40
56 47 0,91
56 45 0,03
56 44 0,00
56 43 0,53
56 42 0,12
56 40 0,21
56 39 0,07
56 38 0,29
56 37 0,82
56 34 0,34
56 32 0,98
56 30 0,36
56 27 0,63
56 22 0,96
56 19 0,77
56 18 0,89
56 14 0,07
56 13 0,78
56 11 0,88
56 10 0,36
56 8 0,73
56 6 0,12
56 5 0,77
56 4 0,27
56 1 0,67
56 0 0,82
55 99 0,55
55 97 0,97
55 96 0,30
55 94 0,74
55 93 0,08
55 89 0,35
55 86 0,76
55 83 0,76
55 82 0,32
55 81 0,05
55 80 0,89
55 79 0,99
55 78 0,16
55 76 0,26
55 75 0,30
55 72 0,56
55 71 0,72
55 70 0,26
55 69 0,41
55 67 0,39
55 65 0,12
55 63 0,75
55 62 0,41
55 57 0,63
55 54 0,38
55 53 0,95
55 50 0,55
55 49 0,75
55 48 0,37
55 43 0,17
55 39 0,42
55 37 0,90
55 35 0,28
55 33 0,43
55 30 0,88
55 29 0,63
55 26 0,30
55 23 0,52
55 21 0,01
55 20 0,39
55 18 0,62
55 16 0,18
55 15 0,14
55 14 0,68
55 13 0,73
55 9 0,58
55 6 0,06
55 4 0,11
55 3 0,25
55 1 0,08
54 96 0,79
54 93 0,91
54 91 0,76
54 90 0,97
54 88 0,10
54 86 0,26
54 84 0,29
54 83 0,18
54 82 0,22
54 79 0,84
54 76 0,06
54 74 0,94
54 72 0,49
54 71 0,68
54 70 0,38
54 68 0,09
54 67 0,20
54 66 0,41
54 65 0,01
54 63 0,82
54 61 0,26
54 60 0,31
54 58 0,96
54 57 0,26
54 56 0,34
54 53 0,63
54 52 0,32
54 51 0,71
54 47 0,48
54 46 0,26
54 45 0,31
54 43 0,92
54 41 0,16
54 36 0,44
54 35 0,27
54 34 0,17
54 33 0,59
54 30 0,02
54 29 0,64
54 26 0,01
54 24 0,48
54 23 0,06
54 22 0,69
54 16 0,97
54 15 0,23
54 9 0,99
54 8 0,80
54 4 0,04
54 3 0,18
54 2 0,98
53 97 0,80
53 95 0,43
53 94 0,59
53 93 0,87
53 91 0,51
53 90 0,15
53 89 0,77
53 85 0,34
53 82 0,14
53 81 0,83
53 80 0,74
53 79 0,89
53 75 0,53
53 74 0,94
53 73 0,88
53 72 0,20
53 70 0,33
53 67 0,10
53 66 0,78
53 63 0,33
53 62 0,60
53 58 0,76
53 57 0,83
53 56 0,98
53 49 0,76
53 48 0,22
53 45 0,86
53 43 0,10
53 42 0,42
53 41 0,84
53 38 0,36
53 37 0,04
53 36 0,18
53 35 0,59
53 34 0,01
53 32 0,46
53 27 0,67
53 25 0,70
53 21 0,71
53 19 0,77
53 16 0,96
53 14 0,79
53 12 0,26
53 9 0,35
53 8 0,10
53 6 0,64
53 5 0,41
53 4 0,91
53 3 0,85
53 0 0,82
52 99 0,32
52 98 0,02
52 97 0,65
52 93 0,98
52 91 0,45
52 90 0,58
52 87 0,81
52 86 0,86
52 85 0,32
52 83 0,27
52 82 0,42
52 79 0,05
52 78 0,41
52 77 0,45
52 76 0,89
52 73 0,66
52 72 0,52
52 71 0,84
52 67 0,88
52 66 0,83
52 64 0,99
52 63 0,83
52 58 0,34
52 57 0,78
52 56 0,03
52 55 0,37
52 53 0,65
52 50 0,55
52 49 0,66
52 45 0,76
52 44 0,67
52 43 0,95
52 42 0,34
52 39 0,06
52 38 0,03
52 37 0,06
52 32 0,80
52 29 0,60
52 28 0,83
52 27 0,23
52 26 0,46
52 22 0,70
52 21 0,94
52 19 0,03
52 17 0,06
52 16 0,35
52 13 0,85
52 4 0,80
52 3 0,88
52 0 0,21
51 99 0,02
51 97 0,19
51 96 0,87
51 95 0,13
51 94 0,05
51 91 0,64
51 90 0,45
51 88 0,23
51 86 0,55
51 83 0,75
51 80 0,01
51 78 0,95
51 77 0,87
51 71 0,37
51 70 0,81
51 68 0,45
51 65 0,16
51 64 0,69
51 61 0,48
51 59 0,88
51 58 0,85
51 56 0,47
51 55 0,10
51 53 0,83
51 52 0,41
51 49 0,88
51 47 0,05
51 44 0,06
51 42 0,82
51 39 0,69
51 37 0,70
51 36 0,13
51 33 0,91
51 30 0,98
51 26 0,44
51 25 0,12
51 23 0,98
51 22 0,14
51 18 0,55
51 17 0,52
51 16 0,73
51 14 0,03
51 13 0,11
51 12 0,79
51 11 0,87
51 10 0,79
51 6 0,32
51 5 0,25
51 1 0,51
51 0 0,31
50 96 0,47
50 95 0,26
50 90 0,15
50 87 0,83
50 85 0,77
50 81 0,06
50 80 0,56
50 78 0,39
50 76 0,01
50 74 0,53
50 72 0,90
50 69 0,27
50 66 0,95
50 65 0,17
50 63 0,15
50 62 0,65
50 60 0,94
50 56 0,68
50 54 0,61
50 53 0,90
50 51 1,00
50 48 0,49
50 46 0,41
50 45 0,63
50 42 0,25
50 41 0,35
50 40 0,51
50 39 0,09
50 36 0,91
50 35 0,72
50 32 0,86
50 31 0,40
50 29 0,53
50 27 0,03
50 25 0,57
50 22 0,48
50 21 0,09
50 20 0,23
50 19 0,73
50 18 0,82
50 16 0,50
50 15 0,82
50 13 0,80
50 11 0,81
50 10 0,75
50 9 0,40
50 8 0,88
50 7 0,19
50 2 0,14
50 1 0,56
49 98 0,74
49 97 0,84
49 96 0,61
49 95 0,66
49 94 1,00
49 93 0,36
49 91 0,29
49 89 0,28
49 88 0,74
49 87 0,50
49 83 0,51
49 80 0,68
49 79 0,06
49 78 0,44
49 77 0,57
49 75 0,08
49 73 0,09
49 72 0,16
49 71 0,65
49 70 0,88
49 68 0,49
49 67 0,04
49 66 0,63
49 64 0,84
49 62 0,31
49 61 0,43
49 60 0,74
49 59 0,50
49 56 0,19
49 54 0,26
49 50 0,67
49 43 0,82
49 42 0,42
49 41 0,55
49 40 0,00
49 37 0,40
49 36 0,13
49 27 0,95
49 26 0,24
49 25 0,76
49 24 0,52
49 23 0,26
49 22 0,23
49 21 0,26
49 19 0,15
49 17 0,63
49 15 0,83
49 11 0,71
49 7 0,98
49 2 0,56
49 0 0,10
48 97 0,02
48 96 0,69
48 91 0,49
48 90 0,40
48 88 0,42
48 86 0,17
48 83 0,02
48 79 0,52
48 76 0,73
48 75 0,97
48 74 0,81
48 73 0,07
48 68 0,98
48 66 0,62
48 64 0,51
48 62 0,36
48 61 0,05
48 58 0,05
48 57 0,46
48 56 0,27
48 54 0,65
48 52 0,01
48 51 0,22
48 49 0,06
48 47 0,87
48 46 0,44
48 43 0,88
48 42 0,55
48 41 0,31
48 39 0,21
48 36 0,60
48 35 0,20
48 34 0,09
48 33 0,34
48 28 0,89
48 24 0,07
48 22 0,99
48 21 0,18
48 20 0,69
48 19 0,81
48 18 0,73
48 17 0,59
48 13 0,03
48 12 0,17
48 11 0,08
48 9 0,71
48 6 0,61
48 3 0,77
48 1 0,30
47 99 0,19
47 97 0,05
47 96 0,92
47 95 0,85
47 94 0,68
47 93 0,93
47 89 0,21
47 84 0,14
47 78 0,26
47 75 0,92
47 74 0,47
47 73 0,58
47 72 0,05
47 71 0,54
47 68 0,54
47 67 0,86
47 64 0,96
47 63 0,29
47 60 0,62
47 57 0,02
47 55 0,39
47 53 0,91
47 52 0,19
47 50 0,62
47 49 0,93
47 46 0,10
47 44 0,55
47 41 0,77
47 38 0,84
47 37 0,08
47 35 0,95
47 33 0,59
47 28 0,86
47 27 0,35
47 23 0,86
47 22 0,15
47 20 0,78
47 17 0,07
47 15 0,12
47 14 0,37
47 11 0,12
47 10 0,33
47 7 0,46
47 5 0,63
47 4 0,32
47 3 0,82
47 0 0,65
46 98 0,55
46 96 0,31
46 95 0,19
46 93 0,59
46 91 0,48
46 90 0,21
46 83 0,41
46 79 0,71
46 76 0,53
46 75 0,64
46 72 0,90
46 71 0,80
46 70 0,43
46 69 0,71
46 68 0,81
46 67 0,13
46 66 0,68
46 65 0,98
46 64 0,74
46 59 0,52
46 56 0,27
46 55 0,63
46 53 0,47
46 52 0,29
46 51 0,55
46 49 0,38
46 45 0,51
46 42 0,95
46 39 0,37
46 37 0,61
46 36 0,45
46 35 0,24
46 34 0,47
46 33 0,90
46 32 0,75
46 30 0,64
46 29 0,14
46 28 0,32
46 24 0,90
46 20 0,76
46 19 0,60
46 17 0,39
46 16 0,90
46 12 0,74
46 11 0,80
46 10 0,50
46 9 0,49
46 8 0,63
46 3 0,68
46 0 0,58
45 99 0,24
45 98 0,53
45 97 0,67
45 96 0,72
45 94 0,32
45 93 0,66
45 92 0,78
45 91 1,00
45 89 0,36
45 88 0,85
45 86 0,47
45 83 0,47
45 82 0,86
45 79 0,15
45 78 0,86
45 76 0,68
45 73 1,00
45 72 0,40
45 71 0,27
45 69 0,86
45 63 0,48
45 62 0,82
45 60 0,34
45 59 0,09
45 57 0,46
45 55 0,09
45 51 0,55
45 49 0,76
45 48 0,95
45 47 0,99
45 44 0,29
45 40 0,94
45 32 0,96
45 30 0,75
45 25 0,76
45 24 0,00
45 20 0,95
45 19 0,16
45 17 0,38
45 16 0,52
45 14 0,37
45 11 0,08
45 8 0,22
45 7 0,91
45 6 0,38
45 5 0,32
45 2 0,90
44 99 0,45
44 98 0,95
44 97 0,28
44 96 0,40
44 95 0,89
44 94 0,39
44 91 0,24
44 89 0,66
44 86 0,23
44 84 0,77
44 83 0,24
44 82 0,80
44 78 0,17
44 77 0,75
44 75 0,52
44 74 0,45
44 71 0,31
44 70 0,10
44 69 0,95
44 67 0,82
44 66 0,12
44 65 0,41
44 63 0,82
44 60 0,71
44 57 0,64
44 55 0,31
44 54 0,08
44 53 0,83
44 50 0,78
44 49 0,92
44 48 0,20
44 46 0,42
44 40 0,89
44 38 0,02
44 35 0,37
44 33 0,38
44 30 0,30
44 26 0,03
44 25 0,77
44 21 0,13
44 17 0,59
44 14 0,93
44 13 0,89
44 12 0,36
44 11 0,97
44 10 0,41
44 6 0,85
44 5 0,90
44 2 0,57
44 1 0,17
43 97 0,76
43 93 0,07
43 90 0,36
43 89 0,44
43 87 0,96
43 86 0,79
43 85 0,68
43 84 0,76
43 83 0,51
43 82 0,83
43 81 0,03
43 80 0,35
43 78 0,88
43 77 0,53
43 73 0,40
43 72 0,91
43 70 0,91
43 66 0,05
43 65 0,69
43 64 0,19
43 62 0,23
43 61 0,11
43 60 0,77
43 59 0,71
43 58 0,73
43 57 0,36
43 51 0,37
43 50 0,34
43 47 0,84
43 46 0,09
43 45 0,24
43 44 0,38
43 41 0,01
43 39 0,41
43 36 0,18
43 34 0,23
43 32 0,23
43 30 0,51
43 27 0,45
43 20 0,03
43 19 0,65
43 18 0,19
43 15 0,69
43 14 0,20
43 12 0,04
43 11 0,76
43 9 0,24
43 5 0,92
43 4 0,92
43 2 0,01
42 99 0,38
42 98 0,50
42 97 0,98
42 95 0,19
42 92 0,44
42 91 0,25
42 90 0,69
42 85 0,10
42 84 0,63
42 79 0,51
42 78 0,82
42 76 0,65
42 75 0,04
42 72 0,29
42 69 0,83
42 68 0,37
42 67 0,23
42 65 0,09
42 64 0,86
42 62 0,32
42 61 0,83
42 59 0,81
42 58 0,97
42 55 0,94
42 54 1,00
42 47 0,74
42 45 0,56
42 44 0,21
42 43 0,13
42 40 0,46
42 39 0,40
42 37 0,10
42 36 0,84
42 31 0,40
42 27 0,72
42 26 0,52
42 22 0,41
42 20 0,94
42 19 0,01
42 17 0,03
42 15 0,32
42 14 0,87
42 11 0,62
42 10 0,14
42 7 0,04
42 6 0,19
42 2 0,15
42 1 0,49
41 99 0,03
41 98 0,86
41 97 0,06
41 93 0,87
41 91 0,23
41 90 0,49
41 87 0,29
41 86 0,42
41 84 0,26
41 83 0,89
41 82 0,95
41 78 0,28
41 76 0,26
41 70 0,34
41 69 0,47
41 65 0,74
41 64 0,53
41 61 0,98
41 59 0,94
41 58 0,59
41 56 0,53
41 55 0,69
41 52 0,09
41 51 0,64
41 46 0,69
41 45 0,59
41 44 0,06
41 42 0,10
41 39 0,87
41 35 0,90
41 32 0,16
41 31 0,90
41 29 0,55
41 27 0,85
41 25 0,42
41 23 0,67
41 19 0,65
41 18 0,92
41 16 0,45
41 15 0,42
41 14 0,26
41 12 0,32
41 11 0,93
41 10 0,08
41 9 0,08
41 7 0,75
41 6 0,36
41 4 0,22
40 98 0,40
40 97 0,21
40 96 0,42
40 95 0,09
40 94 0,65
40 92 0,27
40 90 0,31
40 89 0,39
40 86 0,90
40 84 0,94
40 82 0,16
40 77 0,22
40 73 0,04
40 70 0,19
40 68 0,45
40 65 0,90
40 64 0,65
40 63 0,95
40 62 0,87
40 61 0,41
40 60 0,47
40 58 0,09
40 55 0,38
40 54 0,79
40 53 0,56
40 52 0,53
40 51 0,49
40 48 0,14
40 47 0,09
40 46 0,62
40 43 0,71
40 41 0,25
40 35 0,69
40 31 0,85
40 29 0,06
40 26 0,44
40 22 0,35
40 20 0,25
40 19 0,63
40 18 0,55
40 16 0,59
40 15 0,77
40 14 0,48
40 13 0,39
40 9 0,42
40 7 0,38
40 6 0,65
40 3 0,22
40 2 0,98
40 1 0,97
39 92 0,02
39 91 0,84
39 90 0,28
39 85 0,61
39 82 0,08
39 78 0,29
39 74 0,56
39 71 0,23
39 70 0,38
39 68 0,19
39 67 0,20
39 66 0,63
39 64 0,33
39 63 0,38
39 62 0,82
39 60 0,69
39 59 0,51
39 54 0,68
39 53 0,52
39 49 0,68
39 47 0,79
39 45 0,69
39 44 0,19
39 40 0,53
39 38 0,51
39 37 0,83
39 35 0,74
39 34 0,44
39 33 0,20
39 32 0,30
39 29 0,24
39 27 0,69
39 26 0,78
39 24 0,65
39 22 0,64
39 20 0,01
39 19 0,73
39 18 0,11
39 17 0,48
39 16 0,74
39 15 0,09
39 14 0,37
39 12 0,88
39 11 0,97
39 8 0,75
39 7 0,73
39 6 0,04
39 4 0,22
39 3 0,10
38 95 0,31
38 94 0,83
38 92 0,47
38 91 0,34
38 86 0,07
38 84 0,17
38 82 0,36
38 81 0,92
38 79 0,31
38 78 0,36
38 77 0,18
38 76 0,75
38 75 0,73
38 73 0,60
38 69 0,17
38 62 0,64
38 61 0,31
38 60 0,31
38 59 0,01
38 55 0,09
38 54 0,69
38 51 0,70
38 50 0,41
38 49 0,76
38 48 0,22
38 46 0,08
38 45 0,59
38 43 0,52
38 42 0,15
38 41 0,75
38 40 0,56
38 37 0,35
38 35 0,34
38 34 0,91
38 28 0,31
38 21 0,10
38 19 0,35
38 17 0,51
38 16 0,31
38 15 0,86
38 14 0,54
38 13 0,34
38 12 0,65
38 9 0,36
38 7 0,08
38 4 0,11
38 2 0,94
38 1 0,58
38 0 0,60
37 99 0,53
37 96 0,15
37 95 0,66
37 94 0,93
37 93 0,10
37 88 0,63
37 83 0,98
37 82 0,57
37 79 0,54
37 76 0,83
37 74 0,98
37 73 0,45
37 72 0,88
37 71 0,14
37 69 0,61
37 68 0,74
37 67 0,37
37 63 0,94
37 62 0,57
37 61 0,58
37 60 0,85
37 59 0,56
37 57 0,97
37 54 0,18
37 50 0,94
37 48 0,08
37 45 0,56
37 44 0,78
37 43 0,67
37 41 0,91
37 40 0,34
37 36 0,61
37 35 0,47
37 33 0,92
37 32 0,26
37 31 0,59
37 26 0,56
37 19 0,21
37 18 0,04
37 17 0,63
37 16 0,57
37 13 0,54
37 10 0,79
37 9 0,54
37 8 0,25
37 6 0,55
37 5 0,68
37 4 0,85
37 3 0,07
36 95 0,27
36 93 0,40
36 90 0,86
36 89 0,48
36 86 0,77
36 84 0,58
36 83 0,12
36 82 0,55
36 80 0,65
36 76 0,16
36 75 0,40
36 73 0,14
36 72 0,83
36 71 0,85
36 68 0,78
36 65 0,27
36 64 0,07
36 63 0,87
36 62 0,04
36 58 0,79
36 56 0,86
36 55 0,81
36 52 0,80
36 47 0,71
36 45 0,03
36 44 0,59
36 41 0,96
36 40 0,15
36 39 0,52
36 38 0,54
36 34 0,26
36 33 0,37
36 32 0,09
36 30 0,78
36 29 0,96
36 27 0,12
36 26 0,52
36 25 0,54
36 23 0,57
36 22 0,89
36 21 0,95
36 17 0,16
36 16 0,56
36 14 0,59
36 13 0,34
36 11 0,14
36 10 0,92
36 9 0,78
36 7 0,92
36 6 0,40
36 1 0,13
35 98 0,86
35 96 0,37
35 94 0,73
35 92 0,72
35 90 0,29
35 89 0,65
35 88 0,31
35 87 0,67
35 86 0,87
35 85 0,54
35 83 0,42
35 81 0,85
35 80 0,62
35 77 0,13
35 75 0,55
35 72 0,52
35 70 0,76
35 68 0,11
35 67 0,80
35 65 0,29
35 64 0,35
35 63 0,83
35 60 0,47
35 59 0,95
35 57 0,83
35 56 0,33
35 52 0,89
35 51 0,06
35 49 0,89
35 45 0,09
35 43 0,55
35 42 0,38
35 36 0,76
35 34 0,13
35 30 0,82
35 29 0,19
35 26 0,25
35 24 0,87
35 23 0,13
35 22 0,22
35 21 0,35
35 20 0,40
35 18 0,26
35 16 0,55
35 14 0,15
35 13 0,28
35 10 0,76
35 8 0,18
35 5 0,22
35 2 0,27
35 0 0,35
34 98 0,55
34 94 0,12
34 93 0,09
34 92 0,81
34 91 0,11
34 89 0,11
34 87 0,90
34 86 0,87
34 84 0,30
34 81 0,99
34 80 0,59
34 79 0,10
34 74 0,29
34 72 0,91
34 71 0,70
34 70 0,95
34 69 0,15
34 67 0,57
34 66 0,97
34 65 0,90
34 64 0,29
34 63 0,28
34 61 0,22
34 60 0,32
34 58 0,51
34 57 0,26
34 55 0,82
34 52 0,45
34 51 0,14
34 50 0,50
34 49 0,63
34 47 0,61
34 45 0,97
34 44 0,32
34 42 0,83
34 41 0,76
34 40 0,69
34 37 0,39
34 30 0,88
34 29 0,65
34 23 0,23
34 21 0,80
34 20 0,42
34 19 0,77
34 18 0,02
34 14 0,53
34 9 0,06
34 2 0,30
33 98 0,59
33 97 0,19
33 96 0,32
33 95 0,42
33 94 0,05
33 93 0,86
33 89 0,80
33 87 0,82
33 83 0,21
33 82 0,31
33 80 0,15
33 79 0,59
33 78 0,29
33 77 0,02
33 75 0,55
33 70 0,83
33 66 0,44
33 64 0,78
33 62 0,05
33 61 0,92
33 56 0,37
33 53 0,59
33 52 0,81
33 50 0,25
33 49 0,95
33 45 0,33
33 43 0,71
33 42 0,84
33 41 0,00
33 40 0,28
33 38 0,11
33 35 0,09
33 34 0,13
33 30 0,60
33 27 0,17
33 26 0,88
33 24 0,52
33 23 0,87
33 21 0,82
33 18 0,29
33 17 0,48
33 15 0,02
33 13 0,76
33 12 0,39
33 11 0,64
33 6 0,04
33 5 0,21
33 4 0,26
33 2 0,51
33 0 0,96
32 96 0,48
32 94 0,30
32 93 0,87
32 92 0,14
32 90 0,09
32 89 0,68
32 87 0,01
32 84 0,15
32 83 0,11
32 82 0,24
32 81 0,27
32 80 0,80
32 77 0,43
32 76 0,77
32 75 0,62
32 73 0,24
32 71 0,03
32 69 0,15
32 68 0,82
32 66 0,40
32 64 0,97
32 62 0,33
32 59 0,61
32 55 0,34
32 54 0,37
32 51 0,03
32 49 0,97
32 48 0,44
32 47 0,85
32 44 0,50
32 42 0,69
32 40 0,06
32 38 0,05
32 35 0,83
32 34 0,75
32 33 0,16
32 31 0,68
32 29 0,94
32 27 0,80
32 25 0,45
32 24 0,24
32 17 0,43
32 16 0,60
32 11 0,78
32 10 0,08
32 9 0,44
32 7 0,50
32 4 0,36
32 3 0,68
32 1 0,60
31 95 0,83
31 93 0,47
31 92 0,92
31 89 0,34
31 88 0,99
31 81 0,31
31 77 0,65
31 71 0,53
31 69 0,66
31 67 0,97
31 63 0,11
31 61 0,62
31 57 0,08
31 56 0,82
31 55 0,66
31 54 0,30
31 53 0,88
31 52 0,73
31 51 0,42
31 49 0,76
31 48 0,52
31 47 0,69
31 46 0,96
31 45 0,22
31 44 0,43
31 43 0,31
31 39 0,41
31 38 0,07
31 36 0,79
31 35 0,85
31 34 0,89
31 33 0,26
31 30 0,97
31 29 0,23
31 27 0,39
31 26 0,96
31 25 0,15
31 23 0,81
31 22 0,21
31 21 0,08
31 20 0,37
31 18 0,80
31 16 0,13
31 13 0,94
31 10 0,46
31 7 0,59
31 6 0,33
31 5 0,87
31 2 0,76
31 1 0,05
30 99 0,98
30 97 0,25
30 96 0,24
30 91 0,16
30 90 0,63
30 88 0,15
30 86 0,69
30 83 0,47
30 81 0,71
30 80 0,30
30 78 0,37
30 75 0,68
30 73 0,65
30 71 0,01
30 70 0,14
30 69 0,51
30 68 0,16
30 66 0,23
30 63 0,91
30 53 0,38
30 52 0,44
30 50 0,71
30 49 0,71
30 48 0,99
30 47 0,25
30 42 0,41
30 41 0,55
30 40 0,07
30 39 0,56
30 38 0,77
30 37 0,05
30 32 0,64
30 28 0,67
30 27 0,71
30 25 0,27
30 24 0,83
30 20 0,52
30 19 0,05
30 15 0,92
30 14 0,73
30 12 0,92
30 11 0,09
30 10 0,82
30 8 0,99
30 5 0,21
30 2 0,81
30 0 0,52
29 98 0,02
29 95 0,43
29 94 0,09
29 93 0,16
29 92 0,64
29 88 0,81
29 87 0,73
29 86 0,13
29 85 0,87
29 81 1,00
29 75 0,64
29 71 0,63
29 70 0,78
29 69 0,51
29 68 0,86
29 67 0,37
29 64 0,25
29 62 0,77
29 61 0,30
29 59 0,05
29 58 0,82
29 57 0,42
29 56 0,57
29 53 0,49
29 51 0,53
29 49 0,67
29 48 0,71
29 47 0,44
29 45 0,44
29 44 0,57
29 43 0,37
29 42 0,17
29 38 0,36
29 37 0,85
29 33 0,71
29 30 0,85
29 26 0,54
29 23 0,04
29 22 0,21
29 19 0,41
29 18 0,14
29 16 0,45
29 8 0,48
29 6 0,07
29 5 0,83
29 4 0,14
29 3 0,32
29 2 0,55
29 0 0,11
28 99 0,37
28 96 0,12
28 94 0,78
28 93 0,03
28 92 0,98
28 87 0,89
28 82 0,07
28 81 0,87
28 76 0,49
28 74 0,23
28 73 0,67
28 72 0,77
28 70 0,07
28 69 0,41
28 68 0,53
28 65 0,10
28 63 0,84
28 62 0,57
28 56 0,18
28 55 0,53
28 54 0,60
28 53 0,82
28 51 0,45
28 50 0,52
28 49 0,06
28 45 0,96
28 44 0,75
28 43 0,47
28 42 0,16
28 41 0,93
28 40 0,92
28 39 0,04
28 37 0,15
28 36 0,45
28 35 0,96
28 34 0,94
28 33 0,23
28 32 0,59
28 31 0,41
28 29 0,35
28 25 0,90
28 23 0,18
28 17 0,54
28 15 0,82
28 12 0,04
28 10 0,64
28 9 0,63
28 6 0,32
28 2 0,42
28 1 0,39
28 0 0,50
27 99 0,40
27 97 0,45
27 94 0,57
27 92 0,27
27 89 0,28
27 87 0,09
27 85 0,93
27 84 0,92
27 83 0,16
27 82 0,68
27 81 0,99
27 79 0,07
27 78 0,55
27 77 0,06
27 74 0,08
27 73 0,45
27 68 0,59
27 65 0,65
27 64 0,80
27 63 0,26
27 62 0,79
27 61 0,35
27 55 0,23
27 54 0,63
27 51 0,22
27 48 0,30
27 46 0,34
27 45 0,31
27 44 0,06
27 40 0,69
27 38 0,43
27 37 0,65
27 35 0,34
27 34 0,74
27 29 0,92
27 28 0,58
27 26 0,96
27 24 0,55
27 23 0,44
27 21 0,04
27 18 0,80
27 17 0,36
27 15 0,45
27 13 0,20
27 12 0,16
27 8 0,58
27 6 0,27
27 4 0,58
27 1 0,81
26 99 0,23
26 98 0,97
26 97 0,75
26 96 0,57
26 92 0,09
26 91 0,83
26 88 0,80
26 87 0,09
26 85 0,64
26 82 0,52
26 75 0,42
26 74 0,38
26 72 0,43
26 70 0,79
26 69 0,46
26 64 0,58
26 63 0,25
26 62 0,94
26 60 0,49
26 58 0,54
26 57 0,49
26 56 0,75
26 53 0,38
26 50 0,90
26 48 0,08
26 47 0,64
26 46 0,19
26 45 0,05
26 43 0,23
26 41 0,17
26 38 0,31
26 34 0,62
26 32 0,60
26 30 0,87
26 28 0,85
26 25 0,86
26 24 0,30
26 23 0,72
26 22 0,66
26 18 0,76
26 17 0,98
26 16 0,81
26 14 0,83
26 11 0,90
26 10 0,28
26 7 0,10
26 5 0,67
26 3 0,42
26 0 0,63
25 99 0,79
25 97 0,50
25 94 0,76
25 89 0,44
25 88 0,50
25 85 0,10
25 80 0,79
25 79 0,20
25 78 0,20
25 74 0,52
25 73 0,26
25 71 0,30
25 68 0,06
25 67 0,42
25 65 0,51
25 64 0,93
25 63 0,47
25 60 0,58
25 59 0,18
25 57 0,72
25 56 0,21
25 55 0,58
25 54 0,44
25 52 0,93
25 48 0,13
25 47 0,30
25 46 0,35
25 43 0,33
25 42 0,19
25 40 0,35
25 39 0,77
25 38 0,25
25 37 0,20
25 35 0,81
25 34 0,77
25 33 0,34
25 29 0,83
25 27 0,83
25 24 0,88
25 22 0,30
25 21 0,15
25 20 0,11
25 17 0,26
25 16 0,08
25 12 0,57
25 7 0,82
25 5 0,22
25 4 0,50
25 3 0,97
25 2 0,67
24 99 0,95
24 98 0,20
24 97 0,26
24 93 0,24
24 90 0,58
24 88 0,63
24 86 0,48
24 82 0,79
24 81 0,55
24 80 0,02
24 79 0,89
24 77 0,12
24 74 0,52
24 73 0,09
24 71 0,79
24 70 0,34
24 69 0,32
24 67 0,83
24 66 0,52
24 65 0,45
24 64 0,46
24 63 0,42
24 62 0,46
24 60 0,49
24 56 0,19
24 55 0,58
24 53 0,74
24 52 0,03
24 51 0,64
24 50 0,87
24 47 0,24
24 44 1,00
24 43 0,28
24 42 0,08
24 41 0,01
24 40 0,42
24 38 0,12
24 37 0,10
24 36 0,60
24 34 0,69
24 31 0,32
24 29 0,34
24 28 0,96
24 22 0,76
24 17 0,18
24 15 0,32
24 13 0,80
24 9 0,72
24 7 0,26
24 6 0,73
24 5 0,08
23 99 0,18
23 98 0,32
23 97 0,30
23 95 0,75
23 93 0,21
23 92 0,10
23 90 0,70
23 88 0,29
23 87 0,70
23 85 0,56
23 83 0,05
23 81 0,21
23 80 0,83
23 73 0,43
23 70 0,73
23 67 0,03
23 66 0,92
23 65 0,47
23 62 0,16
23 58 0,06
23 56 0,44
23 53 0,70
23 52 0,53
23 50 0,61
23 48 0,47
23 46 0,28
23 45 0,61
23 44 0,69
23 43 0,04
23 42 0,96
23 40 0,95
23 39 0,33
23 38 0,14
23 37 0,33
23 32 0,97
23 30 0,90
23 25 0,96
23 24 0,57
23 22 0,12
23 21 0,74
23 15 0,95
23 14 0,13
23 12 0,02
23 10 0,37
23 9 0,74
23 8 0,66
23 6 0,69
23 5 0,89
23 3 0,87
23 0 0,12
22 99 0,68
22 94 0,13
22 92 0,14
22 90 0,56
22 89 0,83
22 88 0,47
22 84 0,32
22 82 0,07
22 81 0,94
22 79 0,64
22 78 0,61
22 76 0,78
22 74 0,88
22 73 0,50
22 72 0,26
22 67 0,61
22 63 0,78
22 62 0,14
22 61 0,86
22 59 0,54
22 58 0,80
22 55 0,02
22 53 0,34
22 46 0,08
22 45 0,72
22 44 0,89
22 43 0,87
22 41 0,65
22 38 0,05
22 37 0,45
22 34 0,53
22 33 0,16
22 32 0,40
22 30 0,38
22 28 0,39
22 27 0,50
22 21 0,76
22 19 0,31
22 18 0,35
22 17 0,08
22 16 0,19
22 15 0,12
22 13 0,87
22 10 0,94
22 9 0,14
22 8 0,71
22 7 0,16
22 6 0,83
22 2 0,95
22 1 0,45
22 0 0,86
21 99 0,91
21 98 0,80
21 97 0,92
21 94 0,68
21 92 0,61
21 91 0,36
21 90 0,28
21 86 0,80
21 85 0,27
21 84 0,99
21 83 0,95
21 82 0,87
21 78 0,51
21 76 0,38
21 75 0,47
21 74 0,15
21 70 0,39
21 69 0,04
21 64 0,63
21 58 0,77
21 57 0,56
21 56 0,26
21 54 0,31
21 51 0,24
21 47 0,31
21 46 0,87
21 45 0,34
21 43 0,94
21 42 0,15
21 41 0,91
21 40 0,10
21 39 0,74
21 37 0,33
21 32 0,51
21 30 0,20
21 29 0,85
21 28 0,44
21 26 0,84
21 24 0,22
21 20 0,36
21 19 0,08
21 17 0,67
21 15 0,09
21 12 0,74
21 8 0,31
21 5 0,56
21 3 0,67
21 2 0,00
21 1 0,65
21 0 0,38
20 99 0,49
20 97 0,93
20 96 0,54
20 91 0,20
20 90 0,89
20 88 0,77
20 85 0,89
20 84 0,83
20 81 0,73
20 79 0,16
20 76 0,62
20 72 0,82
20 71 0,98
20 70 0,67
20 67 0,27
20 65 0,53
20 64 0,34
20 62 0,10
20 61 0,82
20 60 0,22
20 58 0,95
20 57 0,83
20 56 0,94
20 54 0,75
20 53 0,87
20 52 0,53
20 51 0,86
20 49 0,05
20 44 0,70
20 41 0,63
20 38 0,31
20 37 0,28
20 36 0,99
20 33 0,74
20 32 0,09
20 29 0,39
20 28 0,07
20 27 0,38
20 26 0,08
20 24 0,36
20 23 0,80
20 22 0,04
20 16 0,54
20 14 0,09
20 13 0,61
20 10 0,19
20 8 0,66
20 4 0,40
20 3 0,32
20 1 0,88
19 98 0,54
19 95 0,02
19 94 0,90
19 92 0,08
19 89 0,15
19 87 0,13
19 86 0,43
19 85 0,60
19 84 0,99
19 83 0,56
19 80 0,39
19 79 0,07
19 77 0,64
19 76 0,66
19 75 0,68
19 74 0,21
19 73 0,87
19 71 0,84
19 70 0,28
19 69 0,36
19 67 0,22
19 61 0,04
19 60 0,01
19 58 0,43
19 57 0,76
19 55 0,45
19 54 0,54
19 51 0,98
19 47 0,22
19 44 0,23
19 36 0,96
19 35 0,19
19 33 0,99
19 32 0,08
19 31 0,13
19 28 0,61
19 27 0,20
19 26 0,58
19 25 0,61
19 24 0,97
19 23 0,66
19 20 0,14
19 15 0,85
19 13 0,47
19 10 0,60
19 7 0,64
19 6 0,40
19 4 0,59
19 2 0,77
18 99 0,64
18 98 0,24
18 94 0,39
18 92 0,14
18 91 0,34
18 90 0,37
18 88 0,84
18 87 0,07
18 85 0,71
18 82 0,13
18 81 0,69
18 79 0,03
18 75 0,05
18 74 0,69
18 73 0,84
18 72 0,44
18 70 0,63
18 67 0,68
18 65 0,15
18 61 1,00
18 60 0,37
18 59 0,76
18 54 0,76
18 53 0,96
18 52 0,04
18 49 0,77
18 47 0,57
18 46 0,02
18 45 0,73
18 44 0,46
18 42 0,10
18 38 0,03
18 36 0,25
18 32 0,51
18 30 0,56
18 28 0,33
18 25 0,92
18 24 0,14
18 23 0,07
18 21 0,68
18 20 0,73
18 19 0,18
18 17 0,28
18 14 0,66
18 12 0,33
18 8 0,03
18 7 0,56
18 5 0,06
18 4 0,33
18 3 0,71
17 99 0,41
17 98 0,09
17 97 0,47
17 94 0,11
17 93 0,62
17 92 0,33
17 90 0,77
17 89 0,22
17 88 0,54
17 87 0,49
17 81 0,14
17 79 0,16
17 78 0,96
17 73 0,21
17 72 0,62
17 71 0,79
17 70 0,84
17 69 0,97
17 67 0,88
17 66 0,47
17 62 0,34
17 58 0,81
17 56 0,07
17 55 0,95
17 54 0,61
17 53 0,32
17 50 0,58
17 43 0,32
17 41 0,84
17 40 0,80
17 35 0,31
17 34 0,09
17 31 0,21
17 30 1,00
17 29 0,80
17 23 0,09
17 20 0,19
17 19 0,59
17 16 0,33
17 15 0,87
17 14 0,12
17 13 0,09
17 9 0,57
17 5 0,52
17 4 0,42
17 3 0,98
17 1 0,73
17 0 0,75
16 98 0,85
16 97 0,31
16 96 0,61
16 95 0,25
16 93 0,81
16 92 0,00
16 90 1,00
16 86 0,27
16 84 0,79
16 79 0,43
16 77 0,92
16 76 0,22
16 72 0,90
16 71 0,75
16 70 0,25
16 69 0,27
16 68 0,69
16 66 0,82
16 64 0,39
16 62 0,89
16 59 0,57
16 58 0,62
16 56 0,07
16 49 0,28
16 48 0,81
16 47 0,96
16 44 0,02
16 43 0,43
16 42 0,89
16 34 0,72
16 33 0,26
16 30 0,86
16 28 0,56
16 27 0,18
16 24 0,00
16 23 0,75
16 21 0,98
16 19 0,96
16 18 0,37
16 15 0,94
16 14 0,62
16 13 0,10
16 10 0,71
16 9 0,99
16 8 0,27
16 4 0,00
16 3 0,05
16 1 0,83
16 0 0,84
15 97 0,60
15 94 0,02
15 91 0,24
15 89 0,34
15 87 0,48
15 85 0,28
15 84 0,62
15 82 0,40
15 81 0,30
15 80 0,79
15 78 0,20
15 77 0,93
15 71 0,43
15 68 0,51
15 66 0,45
15 65 0,18
15 64 0,86
15 61 0,29
15 60 0,52
15 58 0,16
15 57 0,54
15 56 0,08
15 53 0,78
15 52 0,84
15 51 0,75
15 48 0,58
15 46 0,37
15 45 0,36
15 44 0,45
15 37 0,97
15 36 0,40
15 35 0,73
15 34 0,64
15 32 0,47
15 31 0,15
15 29 0,20
15 26 0,92
15 25 0,37
15 20 0,64
15 18 0,07
15 13 0,91
15 11 0,51
15 10 0,11
15 9 0,90
15 6 0,35
15 5 0,07
15 3 0,91
15 2 0,16
15 0 0,14
14 96 0,67
14 95 0,44
14 93 0,83
14 92 0,65
14 90 0,02
14 89 0,77
14 86 0,34
14 85 0,24
14 82 0,05
14 81 0,56
14 80 0,01
14 79 0,34
14 77 0,27
14 75 0,08
14 74 0,89
14 72 0,49
14 71 0,83
14 70 0,14
14 69 0,37
14 67 0,74
14 66 0,33
14 65 0,09
14 62 0,24
14 60 0,10
14 54 0,08
14 52 0,57
14 50 0,50
14 49 0,88
14 48 0,26
14 46 0,67
14 37 0,50
14 33 0,64
14 32 0,63
14 31 0,41
14 29 0,47
14 28 0,04
14 27 0,52
14 25 0,63
14 24 0,14
14 22 0,19
14 21 0,37
14 19 0,05
14 15 0,18
14 13 0,34
14 11 0,69
14 10 0,78
14 9 0,29
14 7 0,66
14 6 0,54
14 5 0,48
13 99 0,33
13 98 0,80
13 97 0,61
13 95 0,61
13 91 0,78
13 90 0,88
13 87 0,01
13 86 0,47
13 85 0,35
13 82 0,22
13 78 0,77
13 74 0,10
13 73 0,72
13 72 0,40
13 70 0,88
13 64 0,51
13 63 0,94
13 61 0,42
13 60 0,47
13 59 0,66
13 58 0,31
13 54 0,26
13 53 0,97
13 49 0,42
13 47 0,03
13 46 0,39
13 45 0,06
13 43 0,56
13 42 0,13
13 41 0,78
13 39 0,56
13 34 0,58
13 32 0,97
13 30 0,65
13 29 0,78
13 28 0,01
13 26 0,79
13 25 0,24
13 23 0,09
13 21 0,99
13 18 0,56
13 12 0,76
13 11 0,63
13 10 0,09
13 9 0,45
13 8 0,03
13 7 0,44
13 6 0,79
13 5 0,88
13 4 0,90
12 98 0,49
12 96 0,94
12 92 0,89
12 90 0,02
12 88 0,10
12 86 0,96
12 84 0,45
12 78 0,66
12 77 0,02
12 75 0,31
12 74 0,04
12 73 0,45
12 69 0,04
12 67 0,70
12 66 0,20
12 65 0,71
12 61 0,39
12 60 0,70
12 59 0,89
12 57 0,56
12 56 0,68
12 55 0,37
12 54 0,38
12 52 0,71
12 50 0,15
12 49 0,39
12 47 0,77
12 45 0,40
12 42 0,99
12 40 0,40
12 37 0,82
12 36 0,28
12 35 0,99
12 34 0,66
12 32 0,48
12 31 0,26
12 29 0,51
12 26 0,29
12 24 0,65
12 22 0,24
12 20 0,87
12 19 0,08
12 17 0,71
12 16 0,34
12 15 0,89
12 14 0,70
12 10 0,92
12 9 0,49
12 3 0,66
12 0 0,05
11 98 0,41
11 95 0,41
11 94 0,96
11 92 0,77
11 91 0,46
11 88 0,71
11 87 0,70
11 86 0,09
11 83 0,24
11 81 0,52
11 80 0,60
11 79 0,28
11 78 0,59
11 77 0,92
11 69 0,34
11 68 0,40
11 67 0,59
11 65 0,97
11 62 0,92
11 61 0,13
11 60 0,18
11 55 0,30
11 54 0,90
11 53 0,71
11 52 0,47
11 40 0,17
11 38 0,39
11 37 0,95
11 35 0,66
11 34 0,55
11 31 0,38
11 29 0,09
11 28 0,09
11 27 0,56
11 25 0,46
11 24 0,26
11 23 0,57
11 22 0,88
11 21 0,62
11 20 0,84
11 19 0,57
11 18 0,22
11 17 0,13
11 16 0,14
11 12 0,07
11 7 0,75
11 2 0,49
11 1 0,98
10 98 0,36
10 96 0,64
10 95 0,21
10 92 0,71
10 91 0,05
10 86 0,20
10 85 0,70
10 84 0,50
10 82 0,84
10 80 0,04
10 77 0,40
10 75 0,08
10 74 0,04
10 72 0,38
10 70 0,01
10 69 0,62
10 68 0,73
10 67 0,26
10 66 0,18
10 65 0,90
10 61 1,00
10 60 0,18
10 59 0,34
10 55 0,91
10 54 0,33
10 53 0,48
10 52 0,91
10 49 0,67
10 48 0,35
10 45 0,90
10 43 0,84
10 40 0,99
10 39 0,91
10 38 0,71
10 34 0,05
10 33 0,06
10 29 0,43
10 27 0,55
10 25 0,14
10 24 0,10
10 21 0,78
10 18 0,28
10 17 0,68
10 11 0,95
10 8 0,84
10 7 0,58
10 6 0,74
10 3 0,28
10 1 0,32
10 0 0,58
9 96 0,72
9 95 0,34
9 86 0,48
9 84 0,87
9 83 0,69
9 82 0,60
9 81 0,91
9 80 0,99
9 78 0,82
9 76 0,80
9 75 0,81
9 73 0,13
9 72 0,57
9 70 1,00
9 66 0,54
9 63 0,99
9 60 0,19
9 59 0,91
9 58 0,33
9 57 0,34
9 56 0,26
9 52 0,87
9 51 0,55
9 49 0,71
9 47 0,30
9 45 0,71
9 44 0,16
9 42 0,86
9 39 0,41
9 35 0,74
9 33 0,75
9 31 0,82
9 30 0,27
9 29 0,26
9 27 0,18
9 26 0,33
9 25 0,01
9 21 0,97
9 20 0,82
9 19 0,79
9 18 0,91
9 11 0,70
9 10 0,08
9 8 0,35
9 7 0,31
9 6 0,19
9 5 0,14
9 4 0,05
9 2 0,34
9 1 0,23
9 0 0,20
8 92 0,02
8 91 0,23
8 90 0,11
8 88 0,48
8 87 0,04
8 86 0,27
8 85 0,80
8 84 0,71
8 80 0,00
8 79 0,92
8 78 0,09
8 74 0,15
8 69 0,59
8 68 0,32
8 64 0,48
8 63 0,27
8 62 0,98
8 60 0,17
8 58 0,35
8 55 0,33
8 52 0,11
8 51 0,19
8 49 0,47
8 48 0,10
8 47 0,91
8 44 0,99
8 43 0,05
8 42 0,22
8 41 0,98
8 40 0,76
8 38 0,96
8 36 0,72
8 34 0,96
8 33 0,54
8 32 0,45
8 31 0,31
8 28 0,94
8 26 0,21
8 25 0,90
8 24 0,60
8 19 0,76
8 17 0,97
8 15 0,20
8 14 0,91
8 12 0,74
8 11 0,38
8 7 0,92
8 3 0,91
8 2 0,70
8 0 0,62
7 99 0,71
7 97 0,39
7 96 0,29
7 94 0,53
7 91 0,86
7 90 0,62
7 89 0,76
7 87 0,93
7 81 0,73
7 79 0,91
7 75 0,35
7 74 0,30
7 73 0,13
7 69 0,62
7 66 0,39
7 65 0,86
7 63 0,76
7 62 0,30
7 61 0,26
7 59 0,53
7 58 0,39
7 56 0,92
7 55 0,03
7 54 0,91
7 53 0,79
7 52 0,69
7 51 0,45
7 48 0,97
7 46 0,49
7 44 0,36
7 43 0,06
7 37 0,26
7 35 0,45
7 34 0,80
7 33 0,92
7 30 0,48
7 29 0,28
7 28 0,24
7 27 0,73
7 23 0,78
7 21 0,41
7 20 0,03
7 17 0,72
7 16 0,45
7 15 0,45
7 12 0,29
7 5 0,32
7 3 0,50
7 1 0,27
6 99 0,14
6 97 0,00
6 95 0,63
6 94 0,38
6 92 0,51
6 91 0,63
6 90 0,57
6 88 0,34
6 87 0,13
6 86 0,97
6 85 0,03
6 84 0,03
6 80 0,38
6 79 0,57
6 77 0,98
6 75 0,72
6 74 0,95
6 70 0,62
6 66 0,66
6 64 0,73
6 62 0,50
6 61 0,06
6 54 0,95
6 52 0,39
6 50 0,60
6 49 0,38
6 47 0,11
6 46 0,58
6 43 0,44
6 38 0,10
6 35 0,22
6 34 0,68
6 32 0,25
6 30 0,06
6 26 0,73
6 25 0,80
6 21 0,54
6 20 0,22
6 18 0,41
6 17 0,53
6 16 0,51
6 12 0,45
6 11 0,02
6 8 0,26
6 7 0,75
6 5 0,45
6 4 0,89
6 3 0,15
6 1 0,09
5 99 0,57
5 98 0,85
5 95 0,02
5 92 0,66
5 91 1,00
5 89 0,18
5 88 0,71
5 87 0,37
5 83 0,54
5 81 0,73
5 80 0,80
5 78 0,30
5 76 0,06
5 72 0,07
5 71 0,47
5 68 0,26
5 66 0,35
5 64 0,88
5 62 0,52
5 60 0,30
5 59 0,06
5 57 0,77
5 55 0,07
5 54 0,14
5 52 0,78
5 50 0,27
5 49 0,48
5 48 0,78
5 46 0,19
5 42 0,96
5 41 0,04
5 40 0,05
5 39 0,38
5 38 0,02
5 36 0,25
5 34 0,23
5 32 0,32
5 28 0,50
5 27 0,86
5 22 0,62
5 20 0,98
5 19 0,48
5 16 0,32
5 12 0,78
5 11 0,96
5 10 0,40
5 8 0,37
5 4 0,19
5 3 0,57
5 1 0,47
5 0 0,54
4 95 0,71
4 93 0,83
4 89 0,45
4 88 0,77
4 87 0,58
4 86 0,63
4 85 0,98
4 84 0,93
4 81 0,06
4 78 0,32
4 77 0,85
4 76 0,58
4 74 0,65
4 71 0,80
4 69 0,03
4 68 0,05
4 67 0,77
4 66 0,63
4 62 0,36
4 61 0,08
4 60 0,05
4 59 0,75
4 57 0,07
4 51 0,23
4 50 0,91
4 49 0,83
4 48 0,57
4 46 0,12
4 45 0,23
4 44 0,60
4 42 0,94
4 40 0,98
4 36 0,92
4 35 0,42
4 34 0,61
4 31 0,60
4 30 0,80
4 28 0,26
4 26 0,58
4 24 0,85
4 23 0,20
4 22 0,41
4 21 0,55
4 15 0,89
4 14 0,85
4 12 0,39
4 11 0,68
4 10 0,36
4 8 0,97
4 7 0,17
4 3 0,77
3 99 0,47
3 97 0,74
3 94 0,67
3 92 0,61
3 89 0,59
3 88 0,49
3 85 0,59
3 84 0,92
3 79 0,95
3 76 0,74
3 75 0,69
3 74 0,88
3 73 0,25
3 71 0,25
3 67 0,96
3 66 0,05
3 64 0,60
3 62 0,03
3 61 0,43
3 60 0,73
3 58 0,63
3 57 0,37
3 56 0,15
3 51 0,16
3 50 0,82
3 49 0,26
3 45 0,01
3 44 0,74
3 43 0,18
3 42 0,33
3 41 0,68
3 38 0,98
3 36 0,63
3 35 0,35
3 34 0,79
3 33 0,75
3 31 0,03
3 30 0,22
3 28 1,00
3 27 0,69
3 24 0,17
3 22 0,56
3 19 0,07
3 14 0,25
3 13 0,28
3 11 0,33
3 9 0,59
3 1 0,68
3 0 0,77
2 98 0,42
2 97 0,55
2 96 0,09
2 92 0,85
2 90 0,91
2 89 0,32
2 87 0,44
2 80 0,06
2 78 0,39
2 75 0,53
2 74 0,12
2 73 0,10
2 72 0,86
2 70 0,75
2 65 0,93
2 63 0,11
2 60 0,56
2 58 0,27
2 57 0,26
2 56 0,47
2 55 0,36
2 53 0,32
2 52 0,59
2 51 0,45
2 48 0,73
2 47 0,09
2 46 0,36
2 41 0,82
2 39 0,12
2 37 0,02
2 36 0,00
2 32 0,14
2 27 0,29
2 26 0,88
2 24 0,57
2 23 0,16
2 20 0,14
2 18 0,50
2 17 0,86
2 16 0,88
2 14 0,47
2 13 0,16
2 12 0,02
2 10 0,21
2 7 0,79
2 6 0,35
2 5 0,14
2 4 0,61
2 3 0,91
2 0 0,02
1 98 0,74
1 96 0,87
1 93 0,55
1 88 0,35
1 87 0,67
1 86 0,46
1 85 0,22
1 84 0,90
1 83 0,25
1 80 0,54
1 78 0,17
1 77 0,51
1 74 0,32
1 69 0,87
1 68 0,41
1 66 0,07
1 64 0,40
1 63 0,06
1 62 0,18
1 59 0,96
1 54 0,39
1 53 0,61
1 52 0,69
1 49 0,09
1 47 0,05
1 46 0,01
1 45 0,07
1 43 0,51
1 41 0,47
1 39 0,50
1 37 0,87
1 35 0,32
1 34 0,80
1 33 0,37
1 30 0,26
1 29 0,89
1 26 0,39
1 25 0,79
1 24 0,28
1 23 0,79
1 19 0,75
1 18 0,79
1 15 0,73
1 14 0,07
1 13 0,66
1 12 0,21
1 8 0,73
1 4 0,77
1 2 0,81
1 0 0,76
0 99 0,50
0 98 0,70
0 96 0,15
0 93 0,21
0 89 0,84
0 88 0,40
0 84 0,77
0 81 0,35
0 80 0,82
0 77 0,08
0 76 0,60
0 72 0,64
0 70 0,74
0 68 0,81
0 63 0,19
0 62 0,78
0 60 0,52
0 59 0,16
0 55 0,31
0 54 0,57
0 50 0,73
0 48 0,35
0 45 0,65
0 44 0,35
0 43 0,61
0 42 0,78
0 41 0,36
0 40 0,39
0 39 0,24
0 37 0,51
0 36 0,57
0 34 0,11
0 32 0,73
0 31 0,22
0 27 0,14
0 25 0,73
0 24 0,45
0 20 0,31
0 19 0,19
0 18 0,92
0 14 0,10
0 13 0,46
0 11 0,81
0 7 0,85
0 6 0,64
0 4 0,51
